material: 1.418014765922493
mobility: 0.516438349953806
king_safety: 0.005561704424952563
main_center_control: 0.25537365128878287
extended_center_control: 0.1252233009446337
white_bishops: -0.06673531371756183
black_bishops: -0.1280807795997903
bias: -0.09743089715782322
scale_cp: 154.2909703912519
center_phase_boost: 0.2585623456166042
center_piece_boost: 0.4150324973946929
rook_open_file: 0.28120758355807113
rook_semi_open_file: 0.1090888807137882
rook_on_7th: 0.48589104136048034
passed_pawn: 0.3849789179768445
doubled_pawn_penalty: -0.29928708166985435
isolated_pawn_penalty: -0.2513757470538073
king_shield: 0.0902634929450309
